587.42255
608.2432
628.3382
638.4835
657.00433
682.9166
703.11053
719.24347
736.50995
731.6649
724.2376
705.99475
677.2922
641.9349
598.5853
571.0683
529.5911
489.2641
466.67856
435.12155
419.31262
418.92715
405.90558
405.09747
403.76398
406.68408
409.93875
421.0024
444.1434
467.4386
488.57526
505.6225
522.7363
520.6907
527.0888
525.0947
521.07947
531.74805
502.24033
502.15424
498.41992
488.31436
477.4951
478.77057
465.68765
463.80255
459.8954
459.2864
440.9038
443.94354
444.51215
456.51837
465.31125
462.10678
477.38547
488.0813
500.73837
511.4397
515.1106
532.3126
538.85144
540.35693
540.5801
537.3671
541.67346
533.3717
523.6932
535.47516
534.80334
545.62476
556.1662
575.3082
599.4135
623.616
655.5827
670.02966
685.49414
686.48926
688.07855
691.8614
673.718
688.0488
677.7758
684.4244
683.84235
686.3103
693.0313
683.39624
681.1116
661.9696
648.2034
616.44104
574.27893
544.3554
503.97714
470.3117
435.00128
414.25137
392.70142
377.31064
375.9088
370.7645
371.11417
370.69696
390.63892
410.87024
447.68497
485.29465
525.45
591.61456
639.0215
675.31036
688.8024
727.5793
742.685
767.0335
794.8664
811.76904
854.2315
879.11456
899.6219
888.4763
862.12537
849.09076
830.45874
839.0186
887.641
909.7235
941.4601
960.8861
972.435
996.6526
1016.6178
1045.7294
1059.7085
1070.6061
1078.1779
1077.8
1069.7045
1047.8142
1023.3131
986.0917
957.2441
900.5194
835.823
769.9649
684.4178
612.28156
532.64166
460.23175
410.49902
372.82098
360.60907
354.89716
349.7756
344.98053
337.7209
315.58194
280.27975
271.91425
264.03394
251.96826
268.19827
288.70236
349.42413
401.09503
458.98904
507.8991
575.18164
618.5232
665.2478
694.0583
704.03235
684.67035
634.97406
552.5045
462.11664
375.04218
316.15106
298.25497
315.81262
349.1179
373.41257
327.9926
273.7824
231.27734
207.84404
224.65935
256.15106
255.75099
193.5111
268.78308
437.7598
563.4343
584.67737
596.4031
656.5192
735.0192
775.86786
774.9874
838.7826
942.04486
1052.6179
1148.6786
1242.7229
1302.6547
1301.5256
1224.591
1143.6359
1045.9122
998.1652
992.05963
980.5423
972.0746
982.8927
1001.36316
981.53046
973.9268
1015.8095
1053.344
1092.2896
1124.5662
1225.0405
1382.9711
7534.409
4823.585
3193.7026
3448.8743
4843.1924
2385.6228
2239.82
2899.3477
3444.036
3352.5557
3174.825
2554.7332
2329.5793
2213.8625
1929.1763
1955.6431
2089.654
1723.6093
1197.3019
1035.768
1138.5326
1209.186
1219.4216
776.91425
962.17114
780.7738
1212.06
1227.5216
1594.3894
1550.248
1504.7563
960.11145
1663.8701
2822.6394
3078.53
3453.2703
3189.403
5669.584
6553.507
5763.335
3594.1533
2756.545
1735.4453
1051.8091
566.94916
353.13596
345.76456
380.3321
373.43695
364.99957
342.45813
297.39923
270.61398
233.39291
212.15675
194.47296
182.84546
147.3545
129.168
84.583374
65.85749
85.11973
131.52481
185.89403
215.43498
266.31656
306.54745
341.36667
363.22467
400.26587
434.14252
502.97375
534.1221
609.21515
688.1579
784.4896
804.0912
879.9761
906.4508
929.74915
913.74927
883.6714
834.65967
771.8363
721.543
684.35455
661.7427
633.4132
608.449
592.702
602.2994
610.40924
627.5736
633.48865
647.4131
646.8504
654.558
670.2776
681.96295
692.16394
699.75287
698.3205
689.54535
686.9863
677.8698
671.13257
642.2184
616.80273
609.47656
586.8567
590.7331
589.6419
590.8447
592.1528
583.914
570.6577
555.3104
551.42847
548.17535
548.12134
532.81256
547.9553
551.2345
554.7036
562.9454
576.5331
593.07434
596.1474
622.2937
631.3693
648.6667
656.6925
660.252
659.47955
666.13995
668.76855
672.1795
658.02527
664.0461
669.0713
660.1383
679.8174
653.8345
645.22314
636.12335
633.2587
613.6996
623.0794
605.11505
614.05176
603.3789
609.62213
620.25726
620.37463
620.3343
621.7084
612.35956
605.69385
601.3957
602.2351
598.342
602.6204
587.3024
598.4789
589.337
589.02026
587.2869
592.28345
594.54205
591.4761
597.379
596.92175
603.6014
602.7148
607.14606
607.5095
